Paper_ID,1,2,3,4,5,6,7,8,9,10,11,12,13,14,15,16,17,18,19,20,21,22,23,24,25
ABRUNHOSA FA 2007 REV BRAS ZOOL,0.022727273,0.090909091,0.090909091,0.022727273,0.022727273,0.022727273,0.022727273,0.022727273,0.045454545,0.022727273,0.022727273,0.022727273,0.193181818,0.022727273,0.022727273,0.034090909,0.022727273,0.034090909,0.022727273,0.022727273,0.034090909,0.056818182,0.022727273,0.045454545,0.034090909
ACCIOLY IV 2008 GENET MOL RES,0.013071895,0.013071895,0.039215686,0.013071895,0.026143791,0.058823529,0.019607843,0.032679739,0.013071895,0.039215686,0.026143791,0.019607843,0.045751634,0.032679739,0.385620915,0.032679739,0.045751634,0.013071895,0.026143791,0.019607843,0.026143791,0.013071895,0.019607843,0.013071895,0.013071895
ACOSTA A 2001 BULL MAR SCI,0.032407407,0.152777778,0.009259259,0.018518519,0.013888889,0.018518519,0.023148148,0.055555556,0.023148148,0.115740741,0.009259259,0.027777778,0.009259259,0.013888889,0.046296296,0.018518519,0.046296296,0.268518519,0.009259259,0.013888889,0.018518519,0.013888889,0.009259259,0.018518519,0.013888889
ACOSTA A 2001 HYDROBIOLOGIA,0.021186441,0.105932203,0.016949153,0.008474576,0.06779661,0.016949153,0.025423729,0.038135593,0.016949153,0.029661017,0.025423729,0.021186441,0.016949153,0.088983051,0.012711864,0.042372881,0.021186441,0.262711864,0.008474576,0.016949153,0.025423729,0.016949153,0.072033898,0.012711864,0.008474576
ACOSTA A 2005 BULL MAR SCI,0.01754386,0.122807018,0.030701754,0.026315789,0.026315789,0.00877193,0.026315789,0.057017544,0.00877193,0.030701754,0.013157895,0.013157895,0.013157895,0.083333333,0.096491228,0.013157895,0.013157895,0.254385965,0.013157895,0.013157895,0.026315789,0.026315789,0.039473684,0.013157895,0.013157895
ADELIR-ALVES J 2018 CHECKLIST,0.02173913,0.02173913,0.02173913,0.02173913,0.032608696,0.163043478,0.02173913,0.02173913,0.043478261,0.043478261,0.02173913,0.130434783,0.02173913,0.032608696,0.043478261,0.032608696,0.02173913,0.02173913,0.032608696,0.02173913,0.032608696,0.097826087,0.02173913,0.02173913,0.032608696
ADELIR-ALVES J 2018 MAR BIOL RES,0.012987013,0.097402597,0.038961039,0.012987013,0.025974026,0.045454545,0.045454545,0.045454545,0.064935065,0.019480519,0.077922078,0.077922078,0.025974026,0.058441558,0.058441558,0.012987013,0.025974026,0.012987013,0.038961039,0.032467532,0.038961039,0.032467532,0.012987013,0.019480519,0.064935065
AFFONSO P R A M 2007 ,0.047945205,0.01369863,0.01369863,0.020547945,0.02739726,0.116438356,0.034246575,0.020547945,0.02739726,0.034246575,0.01369863,0.020547945,0.04109589,0.034246575,0.267123288,0.04109589,0.01369863,0.01369863,0.01369863,0.047945205,0.01369863,0.01369863,0.01369863,0.075342466,0.020547945
AFFONSO PRAD 2002 CARYOLOGIA,0.046153846,0.015384615,0.038461538,0.015384615,0.023076923,0.046153846,0.023076923,0.030769231,0.023076923,0.030769231,0.046153846,0.015384615,0.038461538,0.015384615,0.361538462,0.015384615,0.030769231,0.023076923,0.038461538,0.015384615,0.023076923,0.015384615,0.015384615,0.030769231,0.023076923
AFFONSO PRAD 2005 GENETICA,0.013071895,0.013071895,0.052287582,0.013071895,0.039215686,0.019607843,0.013071895,0.013071895,0.019607843,0.026143791,0.019607843,0.032679739,0.026143791,0.019607843,0.45751634,0.013071895,0.013071895,0.013071895,0.013071895,0.065359477,0.032679739,0.019607843,0.013071895,0.019607843,0.019607843
AGUIAR AA 2009 J MAR BIOL ASSOC U K,0.025641026,0.094017094,0.05982906,0.017094017,0.017094017,0.034188034,0.034188034,0.085470085,0.153846154,0.042735043,0.025641026,0.05982906,0.025641026,0.025641026,0.017094017,0.068376068,0.042735043,0.025641026,0.017094017,0.034188034,0.017094017,0.017094017,0.017094017,0.025641026,0.017094017
AGUILERA O 2020 MAR MICROPALEONTOL,0.034285714,0.017142857,0.011428571,0.017142857,0.057142857,0.017142857,0.04,0.017142857,0.011428571,0.051428571,0.011428571,0.011428571,0.034285714,0.022857143,0.028571429,0.028571429,0.034285714,0.034285714,0.011428571,0.034285714,0.011428571,0.017142857,0.011428571,0.011428571,0.422857143
"AGUILERA O, 2020, SEDIMENT GEOL",0.089552239,0.014925373,0.024875622,0.019900498,0.044776119,0.014925373,0.039800995,0.009950249,0.009950249,0.034825871,0.019900498,0.024875622,0.039800995,0.029850746,0.014925373,0.009950249,0.009950249,0.014925373,0.029850746,0.039800995,0.014925373,0.009950249,0.019900498,0.024875622,0.393034826
"AJALA-BATISTA L, 2020, MAR BIODIVERS",0.012658228,0.012658228,0.012658228,0.012658228,0.196202532,0.012658228,0.025316456,0.025316456,0.025316456,0.012658228,0.012658228,0.063291139,0.044303797,0.025316456,0.025316456,0.132911392,0.012658228,0.082278481,0.037974684,0.044303797,0.012658228,0.107594937,0.012658228,0.018987342,0.018987342
ALBUQUERQUE T 2015 MAR FRESHW RES,0.264705882,0.041176471,0.011764706,0.017647059,0.011764706,0.123529412,0.047058824,0.017647059,0.052941176,0.047058824,0.088235294,0.023529412,0.017647059,0.023529412,0.023529412,0.017647059,0.017647059,0.011764706,0.017647059,0.017647059,0.017647059,0.011764706,0.041176471,0.023529412,0.011764706
"ALEGRETTI CB, 2021, OCEAN COAST RES",0.046052632,0.026315789,0.013157895,0.019736842,0.032894737,0.032894737,0.032894737,0.019736842,0.013157895,0.032894737,0.144736842,0.026315789,0.131578947,0.019736842,0.019736842,0.019736842,0.026315789,0.013157895,0.092105263,0.019736842,0.052631579,0.065789474,0.026315789,0.052631579,0.019736842
"ALENCAR CERD, 2021, AN ACAD BRAS CIENC",0.077464789,0.091549296,0.014084507,0.014084507,0.028169014,0.042253521,0.021126761,0.028169014,0.014084507,0.049295775,0.014084507,0.021126761,0.126760563,0.021126761,0.021126761,0.014084507,0.028169014,0.014084507,0.042253521,0.028169014,0.021126761,0.028169014,0.014084507,0.197183099,0.028169014
ALITTO RAS 2018 ZOOTAXA,0.024,0.032,0.104,0.016,0.208,0.024,0.08,0.016,0.056,0.072,0.024,0.024,0.016,0.056,0.016,0.064,0.016,0.016,0.016,0.04,0.016,0.016,0.016,0.016,0.016
ALLER JY 1995 PALEOGEOGR PALEOCLIMATOL PALEOECOL,0.024875622,0.024875622,0.019900498,0.019900498,0.069651741,0.019900498,0.049751244,0.024875622,0.019900498,0.014925373,0.039800995,0.014925373,0.054726368,0.059701493,0.034825871,0.049751244,0.014925373,0.029850746,0.014925373,0.034825871,0.009950249,0.049751244,0.019900498,0.009950249,0.273631841
ALMADA F 2016 PEERJ,0.027210884,0.020408163,0.163265306,0.013605442,0.027210884,0.047619048,0.020408163,0.027210884,0.027210884,0.013605442,0.027210884,0.013605442,0.074829932,0.013605442,0.25170068,0.020408163,0.013605442,0.013605442,0.020408163,0.068027211,0.013605442,0.027210884,0.013605442,0.020408163,0.020408163
ALMEIDA ACS 2015 ZOOLOGIA,0.108695652,0.02173913,0.050724638,0.014492754,0.115942029,0.014492754,0.02173913,0.014492754,0.014492754,0.036231884,0.02173913,0.057971014,0.014492754,0.02173913,0.02173913,0.014492754,0.065217391,0.036231884,0.02173913,0.014492754,0.036231884,0.202898551,0.014492754,0.02173913,0.02173913
"ALMEIDA ACS, 2021, ZOOTAXA",0.029411765,0.019607843,0.323529412,0.019607843,0.107843137,0.019607843,0.039215686,0.029411765,0.019607843,0.019607843,0.019607843,0.029411765,0.019607843,0.029411765,0.019607843,0.019607843,0.039215686,0.029411765,0.019607843,0.029411765,0.029411765,0.019607843,0.019607843,0.019607843,0.029411765
"ALMEIDA AO, 2015, MARINE BIODIVERSITY RECORDS",0.022727273,0.022727273,0.215909091,0.022727273,0.113636364,0.022727273,0.022727273,0.022727273,0.034090909,0.022727273,0.034090909,0.034090909,0.079545455,0.034090909,0.022727273,0.022727273,0.022727273,0.034090909,0.022727273,0.022727273,0.056818182,0.022727273,0.022727273,0.022727273,0.022727273
ALMEIDA CM 2013 CONT SHELF RES,0.034246575,0.01369863,0.01369863,0.034246575,0.02739726,0.01369863,0.130136986,0.01369863,0.01369863,0.020547945,0.034246575,0.01369863,0.020547945,0.089041096,0.02739726,0.02739726,0.061643836,0.01369863,0.020547945,0.01369863,0.034246575,0.020547945,0.068493151,0.01369863,0.226027397
"ALMEIDA DF, 2016, MARINE BIODIVERSITY RECORDS",0.019607843,0.019607843,0.058823529,0.019607843,0.039215686,0.098039216,0.019607843,0.019607843,0.019607843,0.029411765,0.019607843,0.117647059,0.039215686,0.019607843,0.039215686,0.029411765,0.068627451,0.019607843,0.058823529,0.098039216,0.029411765,0.019607843,0.019607843,0.058823529,0.019607843
ALMEIDA F 2012 FOOD CHEM TOXICOL,0.048387097,0.032258065,0.016129032,0.177419355,0.032258065,0.016129032,0.016129032,0.040322581,0.024193548,0.032258065,0.024193548,0.016129032,0.016129032,0.016129032,0.024193548,0.040322581,0.024193548,0.024193548,0.024193548,0.016129032,0.14516129,0.016129032,0.129032258,0.024193548,0.024193548
ALMEIDA LAH 2017 J HERED,0.012269939,0.018404908,0.042944785,0.012269939,0.042944785,0.061349693,0.030674847,0.036809816,0.012269939,0.012269939,0.036809816,0.018404908,0.012269939,0.030674847,0.380368098,0.030674847,0.018404908,0.024539877,0.012269939,0.042944785,0.049079755,0.012269939,0.018404908,0.012269939,0.018404908
ALMEIDA MTR 2014 REV BRAS FARMACOGN -BRAZ J PHARMACOGN,0.048543689,0.019417476,0.029126214,0.019417476,0.077669903,0.029126214,0.019417476,0.019417476,0.029126214,0.029126214,0.029126214,0.029126214,0.019417476,0.019417476,0.019417476,0.029126214,0.067961165,0.038834951,0.048543689,0.038834951,0.242718447,0.038834951,0.019417476,0.019417476,0.019417476
ALMEIDA SAA AC 2020 CORAL REEFS,0.034313725,0.009803922,0.009803922,0.009803922,0.034313725,0.024509804,0.024509804,0.019607843,0.019607843,0.009803922,0.024509804,0.024509804,0.019607843,0.014705882,0.009803922,0.034313725,0.024509804,0.073529412,0.019607843,0.029411765,0.014705882,0.254901961,0.235294118,0.014705882,0.009803922
ALTVATER L 2015 J EXP MAR BIOL ECOL,0.031413613,0.078534031,0.010471204,0.010471204,0.015706806,0.020942408,0.062827225,0.015706806,0.020942408,0.015706806,0.010471204,0.020942408,0.010471204,0.010471204,0.010471204,0.02617801,0.015706806,0.047120419,0.015706806,0.02617801,0.010471204,0.481675393,0.010471204,0.010471204,0.010471204
ALTVATER L 2017 MANAG BIOL INVASION,0.041916168,0.017964072,0.023952096,0.023952096,0.017964072,0.011976048,0.02994012,0.053892216,0.011976048,0.017964072,0.011976048,0.023952096,0.011976048,0.011976048,0.023952096,0.02994012,0.011976048,0.101796407,0.053892216,0.02994012,0.023952096,0.245508982,0.113772455,0.041916168,0.011976048
ALVES AM 2012 NOVA HEDWIGIA,0.019047619,0.028571429,0.123809524,0.085714286,0.047619048,0.028571429,0.019047619,0.028571429,0.019047619,0.123809524,0.028571429,0.028571429,0.038095238,0.019047619,0.019047619,0.028571429,0.066666667,0.028571429,0.019047619,0.047619048,0.038095238,0.028571429,0.038095238,0.019047619,0.028571429
ALVES AM 2019 AN ACAD BRAS CIENC,0.020618557,0.020618557,0.030927835,0.030927835,0.082474227,0.041237113,0.06185567,0.041237113,0.030927835,0.020618557,0.030927835,0.041237113,0.041237113,0.020618557,0.020618557,0.030927835,0.020618557,0.020618557,0.020618557,0.041237113,0.041237113,0.030927835,0.041237113,0.195876289,0.020618557
ALVES ANDRE M 2019 ,0.018691589,0.037383178,0.093457944,0.018691589,0.102803738,0.018691589,0.018691589,0.046728972,0.028037383,0.028037383,0.037383178,0.018691589,0.140186916,0.018691589,0.018691589,0.018691589,0.028037383,0.028037383,0.018691589,0.028037383,0.028037383,0.028037383,0.018691589,0.130841121,0.028037383
"ALVES BEZERRA NP, 2022, REV BIOL TROP",0.012345679,0.018518519,0.012345679,0.012345679,0.086419753,0.092592593,0.061728395,0.185185185,0.018518519,0.037037037,0.067901235,0.024691358,0.018518519,0.030864198,0.043209877,0.055555556,0.012345679,0.012345679,0.018518519,0.024691358,0.024691358,0.030864198,0.018518519,0.055555556,0.024691358
ALVES DFR 2013 AN ACAD BRAS CIENC,0.014814815,0.059259259,0.022222222,0.014814815,0.133333333,0.02962963,0.081481481,0.014814815,0.074074074,0.044444444,0.051851852,0.022222222,0.177777778,0.014814815,0.014814815,0.014814815,0.02962963,0.037037037,0.02962963,0.014814815,0.022222222,0.02962963,0.014814815,0.014814815,0.022222222
ALVES J 2014 ZOOTAXA,0.025641026,0.038461538,0.153846154,0.025641026,0.076923077,0.025641026,0.025641026,0.038461538,0.025641026,0.025641026,0.025641026,0.064102564,0.025641026,0.025641026,0.038461538,0.025641026,0.051282051,0.025641026,0.025641026,0.025641026,0.025641026,0.051282051,0.038461538,0.038461538,0.051282051
ALVES J 2020 ZOOTAXA,0.026785714,0.035714286,0.178571429,0.044642857,0.026785714,0.026785714,0.035714286,0.017857143,0.017857143,0.044642857,0.026785714,0.035714286,0.026785714,0.026785714,0.017857143,0.026785714,0.044642857,0.053571429,0.017857143,0.017857143,0.035714286,0.133928571,0.026785714,0.017857143,0.035714286
ALVES N 2010 ENVIRON MICROBIOL REP,0.02027027,0.013513514,0.027027027,0.02027027,0.02027027,0.013513514,0.040540541,0.02027027,0.013513514,0.02027027,0.013513514,0.027027027,0.02027027,0.013513514,0.02027027,0.033783784,0.060810811,0.222972973,0.013513514,0.02027027,0.27027027,0.02027027,0.02027027,0.02027027,0.013513514
ALVES SANTOS ME 2016 ICRS,0.027777778,0.020833333,0.076388889,0.013888889,0.041666667,0.020833333,0.0625,0.013888889,0.034722222,0.013888889,0.013888889,0.083333333,0.020833333,0.013888889,0.215277778,0.041666667,0.013888889,0.090277778,0.013888889,0.034722222,0.020833333,0.013888889,0.027777778,0.020833333,0.048611111
ALVES SANTOS ME 2016 MAR BIODIVERS,0.01369863,0.020547945,0.04109589,0.020547945,0.047945205,0.020547945,0.054794521,0.02739726,0.020547945,0.020547945,0.020547945,0.061643836,0.01369863,0.020547945,0.089041096,0.04109589,0.068493151,0.164383562,0.01369863,0.123287671,0.02739726,0.01369863,0.01369863,0.02739726,0.01369863
AMADO EM 2015 MAR FRESHW BEHAV PHYSIOL,0.014492754,0.18115942,0.014492754,0.02173913,0.050724638,0.028985507,0.014492754,0.050724638,0.02173913,0.02173913,0.02173913,0.014492754,0.043478261,0.101449275,0.028985507,0.036231884,0.02173913,0.065217391,0.014492754,0.057971014,0.02173913,0.036231884,0.086956522,0.014492754,0.014492754
AMADO FILHO GILBERTO M 2006 ,0.029850746,0.029850746,0.014925373,0.194029851,0.074626866,0.014925373,0.156716418,0.074626866,0.014925373,0.044776119,0.037313433,0.014925373,0.02238806,0.02238806,0.029850746,0.029850746,0.037313433,0.014925373,0.037313433,0.014925373,0.02238806,0.02238806,0.014925373,0.014925373,0.014925373
AMADO-FILHO 1997 ICRS8,0.198198198,0.018018018,0.018018018,0.054054054,0.036036036,0.018018018,0.036036036,0.063063063,0.018018018,0.036036036,0.018018018,0.063063063,0.027027027,0.018018018,0.027027027,0.045045045,0.126126126,0.018018018,0.018018018,0.027027027,0.018018018,0.018018018,0.045045045,0.018018018,0.018018018
AMADO-FILHO 2016 MAR BIODIVER,0.022222222,0.014814815,0.037037037,0.17037037,0.02962963,0.022222222,0.059259259,0.022222222,0.022222222,0.044444444,0.02962963,0.111111111,0.02962963,0.014814815,0.037037037,0.125925926,0.022222222,0.022222222,0.037037037,0.014814815,0.014814815,0.014814815,0.014814815,0.014814815,0.051851852
AMADO-FILHO GM 2010 CIENC MAR,0.020408163,0.013605442,0.034013605,0.31292517,0.074829932,0.020408163,0.12244898,0.013605442,0.027210884,0.013605442,0.047619048,0.013605442,0.034013605,0.040816327,0.020408163,0.013605442,0.027210884,0.013605442,0.027210884,0.034013605,0.013605442,0.013605442,0.013605442,0.013605442,0.020408163
AMADO-FILHO GM 2012 AQUAT BOT,0.014925373,0.029850746,0.02238806,0.194029851,0.014925373,0.02238806,0.02238806,0.044776119,0.044776119,0.029850746,0.037313433,0.074626866,0.029850746,0.02238806,0.029850746,0.111940299,0.037313433,0.029850746,0.014925373,0.037313433,0.014925373,0.014925373,0.02238806,0.014925373,0.067164179
AMADO-FILHO GM 2012 PLOS ONE,0.019480519,0.012987013,0.025974026,0.246753247,0.025974026,0.019480519,0.045454545,0.071428571,0.032467532,0.025974026,0.012987013,0.045454545,0.012987013,0.019480519,0.019480519,0.032467532,0.032467532,0.012987013,0.012987013,0.116883117,0.019480519,0.012987013,0.058441558,0.012987013,0.051948052
AMADO-FILHO GM 2012 REV BRAS FARMACOGN -BRAZ J PHARMACOGN,0.035460993,0.014184397,0.021276596,0.184397163,0.021276596,0.014184397,0.09929078,0.014184397,0.028368794,0.021276596,0.056737589,0.056737589,0.028368794,0.021276596,0.014184397,0.042553191,0.056737589,0.014184397,0.014184397,0.078014184,0.014184397,0.014184397,0.042553191,0.04964539,0.042553191
AMADO-FILHO GM 2018 ALGAE,0.017647059,0.029411765,0.047058824,0.229411765,0.011764706,0.023529412,0.058823529,0.052941176,0.017647059,0.017647059,0.017647059,0.029411765,0.011764706,0.035294118,0.011764706,0.035294118,0.141176471,0.023529412,0.029411765,0.023529412,0.023529412,0.023529412,0.017647059,0.041176471,0.029411765
AMARAL 1997 ICRS8,0.024096386,0.024096386,0.060240964,0.024096386,0.024096386,0.024096386,0.024096386,0.024096386,0.036144578,0.024096386,0.036144578,0.024096386,0.036144578,0.024096386,0.084337349,0.024096386,0.024096386,0.21686747,0.024096386,0.036144578,0.072289157,0.024096386,0.024096386,0.024096386,0.036144578
AMARAL 2000 ICRS9,0.019047619,0.057142857,0.028571429,0.028571429,0.076190476,0.028571429,0.028571429,0.057142857,0.019047619,0.019047619,0.019047619,0.152380952,0.019047619,0.019047619,0.019047619,0.019047619,0.047619048,0.142857143,0.019047619,0.047619048,0.038095238,0.019047619,0.019047619,0.038095238,0.019047619
AMARAL ACZ 2005 CONSERV BIOL,0.044198895,0.011049724,0.022099448,0.027624309,0.138121547,0.022099448,0.044198895,0.033149171,0.016574586,0.033149171,0.016574586,0.055248619,0.033149171,0.016574586,0.011049724,0.049723757,0.044198895,0.016574586,0.165745856,0.022099448,0.022099448,0.016574586,0.011049724,0.116022099,0.011049724
AMARAL FD 1994 CORAL REEFS,0.03875969,0.046511628,0.093023256,0.046511628,0.054263566,0.023255814,0.023255814,0.031007752,0.015503876,0.062015504,0.023255814,0.015503876,0.07751938,0.085271318,0.031007752,0.062015504,0.03875969,0.100775194,0.015503876,0.023255814,0.023255814,0.015503876,0.015503876,0.015503876,0.023255814
AMARAL FD 2002 PROC BIOL SOC WASH,0.015873016,0.031746032,0.103174603,0.015873016,0.023809524,0.015873016,0.015873016,0.087301587,0.015873016,0.047619048,0.023809524,0.031746032,0.031746032,0.031746032,0.047619048,0.015873016,0.031746032,0.253968254,0.023809524,0.03968254,0.031746032,0.015873016,0.015873016,0.015873016,0.015873016
AMARAL FERNANDA DUARTE 2007 ,0.028037383,0.018691589,0.028037383,0.018691589,0.074766355,0.018691589,0.046728972,0.037383178,0.018691589,0.018691589,0.028037383,0.028037383,0.028037383,0.018691589,0.018691589,0.046728972,0.074766355,0.205607477,0.046728972,0.046728972,0.028037383,0.028037383,0.028037383,0.028037383,0.037383178
AMARAL FERNANDA DUARTE 2007 -a,0.024390244,0.048780488,0.097560976,0.024390244,0.048780488,0.024390244,0.024390244,0.016260163,0.024390244,0.016260163,0.016260163,0.024390244,0.024390244,0.056910569,0.073170732,0.016260163,0.089430894,0.130081301,0.024390244,0.056910569,0.040650407,0.016260163,0.016260163,0.016260163,0.048780488
AMARAL FERNANDA MARIA DUARTE DO 2014 ,0.094827586,0.017241379,0.017241379,0.017241379,0.017241379,0.043103448,0.034482759,0.043103448,0.043103448,0.025862069,0.017241379,0.025862069,0.017241379,0.034482759,0.017241379,0.034482759,0.094827586,0.051724138,0.232758621,0.017241379,0.017241379,0.017241379,0.017241379,0.025862069,0.025862069
AMARAL FMD 2006 ARQ CIENC MAR,0.015873016,0.023809524,0.031746032,0.023809524,0.031746032,0.015873016,0.031746032,0.03968254,0.015873016,0.023809524,0.015873016,0.063492063,0.015873016,0.031746032,0.015873016,0.031746032,0.071428571,0.30952381,0.015873016,0.015873016,0.031746032,0.03968254,0.055555556,0.015873016,0.015873016
AMARAL FMD 2008 ZOOTAXA,0.039370079,0.031496063,0.094488189,0.015748031,0.039370079,0.015748031,0.031496063,0.031496063,0.023622047,0.031496063,0.015748031,0.031496063,0.015748031,0.015748031,0.023622047,0.047244094,0.047244094,0.299212598,0.023622047,0.023622047,0.023622047,0.023622047,0.023622047,0.015748031,0.015748031
AMARAL FMD 2009 CAH BIOL MAR,0.02238806,0.02238806,0.059701493,0.02238806,0.067164179,0.02238806,0.02238806,0.052238806,0.02238806,0.044776119,0.02238806,0.074626866,0.052238806,0.037313433,0.029850746,0.059701493,0.037313433,0.194029851,0.029850746,0.02238806,0.014925373,0.014925373,0.02238806,0.014925373,0.014925373
"AMBROSIO BG, 2022, CONT SHELF RES",0.008298755,0.012448133,0.01659751,0.041493776,0.008298755,0.008298755,0.012448133,0.008298755,0.008298755,0.261410788,0.008298755,0.078838174,0.024896266,0.095435685,0.008298755,0.020746888,0.01659751,0.012448133,0.01659751,0.024896266,0.01659751,0.008298755,0.058091286,0.01659751,0.20746888
AMORIM KDJ 2017 GENET MOL RES,0.032608696,0.010869565,0.016304348,0.010869565,0.032608696,0.076086957,0.02173913,0.076086957,0.02173913,0.027173913,0.010869565,0.081521739,0.016304348,0.032608696,0.326086957,0.016304348,0.027173913,0.010869565,0.016304348,0.076086957,0.010869565,0.016304348,0.010869565,0.010869565,0.010869565
ANDERSON 2017 AQUA,0.043010753,0.021505376,0.139784946,0.021505376,0.043010753,0.032258065,0.021505376,0.032258065,0.064516129,0.021505376,0.021505376,0.139784946,0.021505376,0.021505376,0.043010753,0.032258065,0.064516129,0.021505376,0.043010753,0.021505376,0.021505376,0.032258065,0.021505376,0.021505376,0.032258065
ANDERSON AB 2014 MAR ECOL -PROG SER,0.031446541,0.018867925,0.012578616,0.012578616,0.050314465,0.031446541,0.044025157,0.012578616,0.044025157,0.012578616,0.100628931,0.018867925,0.037735849,0.025157233,0.012578616,0.012578616,0.037735849,0.018867925,0.150943396,0.018867925,0.012578616,0.018867925,0.018867925,0.20754717,0.037735849
ANDERSON AB 2015 CHECKLIST,0.018348624,0.055045872,0.018348624,0.018348624,0.110091743,0.082568807,0.018348624,0.018348624,0.027522936,0.036697248,0.082568807,0.064220183,0.018348624,0.018348624,0.036697248,0.018348624,0.027522936,0.018348624,0.018348624,0.165137615,0.027522936,0.018348624,0.027522936,0.018348624,0.036697248
ANDERSON AB 2017 J FISH BIOL,0.023668639,0.017751479,0.035502959,0.01183432,0.041420118,0.065088757,0.01183432,0.088757396,0.029585799,0.023668639,0.023668639,0.047337278,0.023668639,0.053254438,0.213017751,0.017751479,0.01183432,0.017751479,0.017751479,0.017751479,0.029585799,0.124260355,0.017751479,0.017751479,0.017751479
ANDERSON AB 2019 MAR BIODIVERS,0.014634146,0.029268293,0.009756098,0.019512195,0.063414634,0.097560976,0.03902439,0.014634146,0.082926829,0.019512195,0.097560976,0.009756098,0.024390244,0.019512195,0.009756098,0.024390244,0.014634146,0.019512195,0.190243902,0.043902439,0.014634146,0.029268293,0.009756098,0.092682927,0.009756098
"ANDERSON AB, 2020, J FISH BIOL",0.016949153,0.028248588,0.016949153,0.016949153,0.011299435,0.011299435,0.011299435,0.02259887,0.016949153,0.028248588,0.225988701,0.02259887,0.02259887,0.056497175,0.050847458,0.011299435,0.050847458,0.011299435,0.15819209,0.06779661,0.016949153,0.056497175,0.016949153,0.039548023,0.011299435
"ANDERSON AB, 2020, J FISH BIOL-a",0.032258065,0.016129032,0.010752688,0.010752688,0.075268817,0.043010753,0.010752688,0.037634409,0.048387097,0.010752688,0.016129032,0.053763441,0.016129032,0.016129032,0.091397849,0.02688172,0.016129032,0.010752688,0.043010753,0.209677419,0.010752688,0.123655914,0.032258065,0.010752688,0.02688172
"ANDERSON AB, 2021, MAR ENVIRON RES",0.065868263,0.02994012,0.011976048,0.065868263,0.017964072,0.017964072,0.011976048,0.011976048,0.077844311,0.035928144,0.017964072,0.017964072,0.023952096,0.011976048,0.02994012,0.023952096,0.011976048,0.023952096,0.071856287,0.19760479,0.011976048,0.035928144,0.077844311,0.077844311,0.017964072
ANDRADE A 2004 AQUA,0.033333333,0.044444444,0.022222222,0.022222222,0.088888889,0.022222222,0.033333333,0.022222222,0.033333333,0.033333333,0.022222222,0.022222222,0.022222222,0.022222222,0.022222222,0.144444444,0.033333333,0.033333333,0.022222222,0.055555556,0.022222222,0.022222222,0.022222222,0.066666667,0.111111111
ANDRADE ACS 2003 AN ACAD BRAS CIENC,0.044247788,0.044247788,0.017699115,0.017699115,0.017699115,0.017699115,0.017699115,0.026548673,0.017699115,0.10619469,0.017699115,0.017699115,0.017699115,0.017699115,0.07079646,0.026548673,0.088495575,0.017699115,0.017699115,0.03539823,0.03539823,0.017699115,0.026548673,0.017699115,0.247787611
"ANDRADE BRAGA MD, 2021, MAR POLLUT BULL",0.236220472,0.015748031,0.023622047,0.039370079,0.023622047,0.015748031,0.023622047,0.015748031,0.015748031,0.023622047,0.023622047,0.023622047,0.023622047,0.015748031,0.023622047,0.023622047,0.039370079,0.062992126,0.039370079,0.023622047,0.015748031,0.149606299,0.023622047,0.015748031,0.062992126
ANDRADE LS 2014 BRAZ J BIOL,0.017857143,0.06547619,0.023809524,0.029761905,0.035714286,0.011904762,0.053571429,0.023809524,0.136904762,0.107142857,0.029761905,0.011904762,0.142857143,0.017857143,0.011904762,0.029761905,0.017857143,0.017857143,0.011904762,0.047619048,0.017857143,0.05952381,0.011904762,0.017857143,0.047619048
ANDRADE MA 2022 ICRS,0.078431373,0.039215686,0.013071895,0.058823529,0.032679739,0.013071895,0.039215686,0.098039216,0.013071895,0.013071895,0.032679739,0.013071895,0.052287582,0.045751634,0.013071895,0.196078431,0.013071895,0.019607843,0.045751634,0.013071895,0.032679739,0.032679739,0.065359477,0.013071895,0.013071895
ANDRADES R 2018 J APPL ICHTHYOL,0.030612245,0.091836735,0.020408163,0.020408163,0.020408163,0.051020408,0.040816327,0.051020408,0.020408163,0.020408163,0.071428571,0.183673469,0.040816327,0.020408163,0.020408163,0.020408163,0.020408163,0.020408163,0.040816327,0.040816327,0.06122449,0.020408163,0.020408163,0.020408163,0.030612245
ANDRADES R 2018 SCI REP,0.068571429,0.017142857,0.022857143,0.017142857,0.011428571,0.017142857,0.108571429,0.062857143,0.04,0.045714286,0.08,0.12,0.017142857,0.04,0.017142857,0.022857143,0.011428571,0.017142857,0.045714286,0.045714286,0.017142857,0.051428571,0.04,0.022857143,0.04
ANDRADES R 2019 ECOL INDIC,0.038277512,0.014354067,0.009569378,0.009569378,0.009569378,0.009569378,0.114832536,0.009569378,0.124401914,0.019138756,0.023923445,0.138755981,0.014354067,0.100478469,0.062200957,0.009569378,0.009569378,0.009569378,0.023923445,0.090909091,0.038277512,0.071770335,0.014354067,0.019138756,0.014354067
ANDRADES R 2019 MAR ECOL -PROG SER,0.016216216,0.043243243,0.021621622,0.037837838,0.016216216,0.037837838,0.135135135,0.010810811,0.351351351,0.021621622,0.021621622,0.016216216,0.016216216,0.010810811,0.021621622,0.027027027,0.027027027,0.010810811,0.027027027,0.048648649,0.010810811,0.021621622,0.010810811,0.021621622,0.016216216
ANGULO RJ 2018 J SOUTH AM EARTH SCI,0.010526316,0.015789474,0.010526316,0.021052632,0.015789474,0.026315789,0.010526316,0.015789474,0.021052632,0.194736842,0.010526316,0.115789474,0.010526316,0.026315789,0.021052632,0.010526316,0.010526316,0.026315789,0.010526316,0.021052632,0.010526316,0.015789474,0.031578947,0.021052632,0.315789474
ANKER A 2007 ZOOTAXA,0.016,0.016,0.312,0.024,0.08,0.016,0.024,0.04,0.032,0.016,0.016,0.104,0.032,0.032,0.016,0.024,0.016,0.024,0.016,0.04,0.016,0.016,0.016,0.016,0.04
ANKER A 2008 J MAR BIOL ASSOC U K,0.022058824,0.029411765,0.455882353,0.022058824,0.014705882,0.014705882,0.022058824,0.014705882,0.014705882,0.022058824,0.014705882,0.029411765,0.022058824,0.014705882,0.088235294,0.029411765,0.022058824,0.022058824,0.014705882,0.036764706,0.014705882,0.014705882,0.014705882,0.014705882,0.014705882
ANKER A 2008 ZOOTAXA,0.023622047,0.015748031,0.291338583,0.023622047,0.015748031,0.015748031,0.023622047,0.015748031,0.031496063,0.023622047,0.015748031,0.062992126,0.015748031,0.023622047,0.094488189,0.015748031,0.023622047,0.031496063,0.023622047,0.070866142,0.05511811,0.023622047,0.015748031,0.031496063,0.015748031
ANKER A 2010 ZOOTAXA,0.015873016,0.015873016,0.373015873,0.023809524,0.03968254,0.055555556,0.023809524,0.015873016,0.015873016,0.031746032,0.015873016,0.03968254,0.031746032,0.023809524,0.015873016,0.031746032,0.023809524,0.023809524,0.015873016,0.047619048,0.015873016,0.015873016,0.015873016,0.023809524,0.047619048
ANKER A 2013 ZOOTAXA,0.022222222,0.033333333,0.222222222,0.033333333,0.1,0.033333333,0.022222222,0.022222222,0.033333333,0.022222222,0.033333333,0.044444444,0.044444444,0.033333333,0.022222222,0.044444444,0.022222222,0.022222222,0.022222222,0.022222222,0.022222222,0.033333333,0.033333333,0.033333333,0.022222222
ANKER A 2016 ZOOTAXA,0.031446541,0.018867925,0.232704403,0.018867925,0.050314465,0.025157233,0.012578616,0.018867925,0.025157233,0.018867925,0.018867925,0.245283019,0.062893082,0.012578616,0.031446541,0.012578616,0.018867925,0.012578616,0.025157233,0.044025157,0.012578616,0.012578616,0.012578616,0.012578616,0.012578616
"ANKER A, 2021, ZOOTAXA",0.01863354,0.037267081,0.291925466,0.031055901,0.01863354,0.02484472,0.02484472,0.043478261,0.01242236,0.02484472,0.01863354,0.01863354,0.037267081,0.031055901,0.111801242,0.031055901,0.062111801,0.01242236,0.02484472,0.043478261,0.01863354,0.01863354,0.01242236,0.01242236,0.01863354
ANKER ARTHUR 2013 ,0.019047619,0.019047619,0.304761905,0.019047619,0.095238095,0.028571429,0.019047619,0.028571429,0.019047619,0.019047619,0.028571429,0.066666667,0.019047619,0.028571429,0.038095238,0.038095238,0.038095238,0.019047619,0.019047619,0.028571429,0.019047619,0.019047619,0.019047619,0.019047619,0.028571429
ANTUNES DE MELLO AFFONSO PR 2014 SCI WORLD J,0.016949153,0.025423729,0.042372881,0.016949153,0.016949153,0.101694915,0.033898305,0.016949153,0.016949153,0.016949153,0.025423729,0.016949153,0.025423729,0.016949153,0.330508475,0.016949153,0.050847458,0.016949153,0.016949153,0.050847458,0.016949153,0.025423729,0.016949153,0.016949153,0.050847458
"ARANTES LS, 2020, SCI REP",0.019736842,0.065789474,0.019736842,0.013157895,0.046052632,0.013157895,0.026315789,0.032894737,0.013157895,0.039473684,0.032894737,0.032894737,0.013157895,0.013157895,0.157894737,0.171052632,0.105263158,0.013157895,0.052631579,0.019736842,0.039473684,0.013157895,0.019736842,0.013157895,0.013157895
ARANTES RCM 2009 MAR ECOL -PROG SER,0.012987013,0.019480519,0.019480519,0.019480519,0.038961039,0.012987013,0.084415584,0.019480519,0.019480519,0.012987013,0.012987013,0.019480519,0.019480519,0.019480519,0.012987013,0.376623377,0.019480519,0.032467532,0.012987013,0.071428571,0.012987013,0.025974026,0.012987013,0.012987013,0.077922078
ARANTES RCM 2014 DEEP-SEA RES PART II-TOP STUD OCEANOGR,0.03030303,0.012121212,0.060606061,0.012121212,0.084848485,0.012121212,0.012121212,0.042424242,0.018181818,0.024242424,0.012121212,0.078787879,0.012121212,0.012121212,0.018181818,0.266666667,0.036363636,0.048484848,0.018181818,0.090909091,0.018181818,0.018181818,0.012121212,0.018181818,0.03030303
ARAUJO FG 2001 ESTUAR COAST SHELF SCI,0.027777778,0.020833333,0.027777778,0.020833333,0.027777778,0.041666667,0.034722222,0.048611111,0.0625,0.1875,0.104166667,0.027777778,0.027777778,0.069444444,0.013888889,0.020833333,0.020833333,0.013888889,0.055555556,0.055555556,0.013888889,0.013888889,0.020833333,0.020833333,0.020833333
ARAUJO FG 2018 HYDROBIOLOGIA,0.013605442,0.047619048,0.020408163,0.013605442,0.047619048,0.027210884,0.027210884,0.020408163,0.074829932,0.068027211,0.142857143,0.034013605,0.020408163,0.054421769,0.013605442,0.013605442,0.020408163,0.020408163,0.013605442,0.068027211,0.020408163,0.013605442,0.156462585,0.034013605,0.013605442
"ARAUJO GS, 2020, ZOOL J LINN SOC",0.046296296,0.018518519,0.148148148,0.018518519,0.018518519,0.037037037,0.027777778,0.018518519,0.018518519,0.018518519,0.037037037,0.064814815,0.018518519,0.027777778,0.240740741,0.018518519,0.027777778,0.018518519,0.018518519,0.037037037,0.018518519,0.027777778,0.018518519,0.018518519,0.037037037
"ARAUJO GS, 2022, J BIOGEOGR",0.008928571,0.03125,0.058035714,0.008928571,0.035714286,0.049107143,0.008928571,0.075892857,0.013392857,0.008928571,0.022321429,0.008928571,0.008928571,0.044642857,0.375,0.017857143,0.026785714,0.013392857,0.008928571,0.026785714,0.017857143,0.008928571,0.022321429,0.013392857,0.084821429
ARAUJO JL 2016 OCEAN COASTAL MANAGE,0.025252525,0.03030303,0.025252525,0.01010101,0.045454545,0.015151515,0.015151515,0.065656566,0.03030303,0.01010101,0.03030303,0.015151515,0.01010101,0.025252525,0.015151515,0.02020202,0.035353535,0.03030303,0.419191919,0.015151515,0.015151515,0.015151515,0.050505051,0.02020202,0.01010101
ARAUJO JN 2007 SCI MAR,0.02962963,0.340740741,0.02962963,0.02962963,0.014814815,0.059259259,0.014814815,0.02962963,0.022222222,0.044444444,0.014814815,0.014814815,0.022222222,0.037037037,0.014814815,0.014814815,0.022222222,0.014814815,0.037037037,0.044444444,0.014814815,0.014814815,0.022222222,0.074074074,0.022222222
ARAUJO JN 2009 J APPL ICHTHYOL,0.044585987,0.222929936,0.025477707,0.025477707,0.012738854,0.01910828,0.01910828,0.095541401,0.01910828,0.025477707,0.031847134,0.025477707,0.01910828,0.044585987,0.012738854,0.025477707,0.082802548,0.012738854,0.031847134,0.01910828,0.012738854,0.01910828,0.01910828,0.089171975,0.044585987
ARAUJO MCB 2018 FRONT MAR SCI,0.30964467,0.015228426,0.015228426,0.010152284,0.030456853,0.010152284,0.030456853,0.065989848,0.050761421,0.137055838,0.010152284,0.015228426,0.091370558,0.010152284,0.010152284,0.015228426,0.015228426,0.025380711,0.025380711,0.020304569,0.015228426,0.010152284,0.010152284,0.020304569,0.030456853
ARAUJO PAULO VICTOR DO NASCIMENTO 2016 ,0.013422819,0.026845638,0.026845638,0.013422819,0.013422819,0.013422819,0.026845638,0.020134228,0.020134228,0.060402685,0.020134228,0.020134228,0.013422819,0.026845638,0.053691275,0.342281879,0.087248322,0.020134228,0.033557047,0.020134228,0.013422819,0.013422819,0.013422819,0.013422819,0.073825503
ARAUJO PG 2013 PHYTOTAXA,0.036231884,0.014492754,0.043478261,0.057971014,0.036231884,0.02173913,0.014492754,0.050724638,0.02173913,0.02173913,0.02173913,0.014492754,0.02173913,0.036231884,0.101449275,0.050724638,0.065217391,0.014492754,0.02173913,0.079710145,0.079710145,0.108695652,0.014492754,0.036231884,0.014492754
ARAUJO PRD 1992 ECON GEOL BULL SOC ECON GEOL,0.076923077,0.038461538,0.012820513,0.064102564,0.025641026,0.019230769,0.019230769,0.025641026,0.025641026,0.038461538,0.019230769,0.038461538,0.038461538,0.108974359,0.012820513,0.025641026,0.032051282,0.012820513,0.012820513,0.032051282,0.025641026,0.012820513,0.038461538,0.019230769,0.224358974
"ARAUJO-SILVA CL, 2022, MAR ENVIRON RES",0.048543689,0.024271845,0.014563107,0.009708738,0.009708738,0.024271845,0.13592233,0.077669903,0.014563107,0.019417476,0.038834951,0.014563107,0.033980583,0.014563107,0.033980583,0.009708738,0.019417476,0.009708738,0.014563107,0.009708738,0.014563107,0.029126214,0.354368932,0.014563107,0.009708738
"AREIAS C, 2020, MAR GEOL",0.022727273,0.034090909,0.011363636,0.017045455,0.034090909,0.011363636,0.028409091,0.022727273,0.011363636,0.022727273,0.022727273,0.011363636,0.017045455,0.1875,0.022727273,0.017045455,0.045454545,0.011363636,0.011363636,0.051136364,0.011363636,0.022727273,0.102272727,0.028409091,0.221590909
ARMESTO 2012 AQUA,0.017094017,0.068376068,0.017094017,0.017094017,0.051282051,0.35042735,0.017094017,0.034188034,0.017094017,0.025641026,0.017094017,0.025641026,0.017094017,0.025641026,0.017094017,0.025641026,0.017094017,0.017094017,0.042735043,0.025641026,0.05982906,0.042735043,0.017094017,0.017094017,0.017094017
ARZ HW 1999 EARTH PLANET SCI LETT,0.026666667,0.02,0.013333333,0.013333333,0.02,0.013333333,0.013333333,0.013333333,0.013333333,0.013333333,0.013333333,0.106666667,0.04,0.173333333,0.013333333,0.013333333,0.013333333,0.02,0.02,0.033333333,0.013333333,0.02,0.086666667,0.026666667,0.246666667
ASCHENBRENNER A 2015 J APPL ICHTHYOL,0.013245033,0.251655629,0.013245033,0.01986755,0.01986755,0.01986755,0.01986755,0.013245033,0.125827815,0.059602649,0.01986755,0.013245033,0.026490066,0.059602649,0.013245033,0.026490066,0.013245033,0.013245033,0.013245033,0.033112583,0.013245033,0.013245033,0.026490066,0.105960265,0.052980132
ASCHENBRENNER A 2016 J FISH BIOL,0.028301887,0.150943396,0.009433962,0.009433962,0.009433962,0.009433962,0.028301887,0.028301887,0.188679245,0.08490566,0.014150943,0.009433962,0.014150943,0.141509434,0.037735849,0.009433962,0.033018868,0.014150943,0.018867925,0.018867925,0.009433962,0.023584906,0.014150943,0.075471698,0.018867925
ASCHENBRENNER A 2016 MAR ENVIRON RES,0.011695906,0.076023392,0.011695906,0.011695906,0.01754386,0.011695906,0.023391813,0.035087719,0.385964912,0.029239766,0.081871345,0.029239766,0.035087719,0.01754386,0.011695906,0.023391813,0.01754386,0.011695906,0.040935673,0.029239766,0.011695906,0.011695906,0.011695906,0.035087719,0.01754386
ATAIDE MB 2014 MAR BIODIVERS,0.050359712,0.028776978,0.014388489,0.021582734,0.028776978,0.021582734,0.158273381,0.028776978,0.021582734,0.122302158,0.043165468,0.021582734,0.129496403,0.071942446,0.014388489,0.014388489,0.021582734,0.021582734,0.014388489,0.021582734,0.021582734,0.021582734,0.021582734,0.021582734,0.043165468
ATTRILL MJ 2004 CLIM RES,0.04587156,0.032110092,0.009174312,0.032110092,0.119266055,0.009174312,0.087155963,0.009174312,0.013761468,0.009174312,0.073394495,0.018348624,0.018348624,0.018348624,0.018348624,0.041284404,0.077981651,0.018348624,0.013761468,0.02293578,0.013761468,0.02293578,0.21559633,0.050458716,0.009174312
ATTRILL MJ 2007 ESTUAR COAST SHELF SCI,0.042857143,0.057142857,0.021428571,0.085714286,0.078571429,0.028571429,0.042857143,0.021428571,0.021428571,0.021428571,0.021428571,0.035714286,0.021428571,0.028571429,0.028571429,0.028571429,0.071428571,0.028571429,0.028571429,0.028571429,0.014285714,0.035714286,0.178571429,0.014285714,0.014285714
AUED AW 2018 PLOS ONE,0.058201058,0.010582011,0.015873016,0.095238095,0.010582011,0.010582011,0.153439153,0.026455026,0.015873016,0.010582011,0.052910053,0.047619048,0.015873016,0.010582011,0.037037037,0.037037037,0.037037037,0.021164021,0.084656085,0.158730159,0.015873016,0.010582011,0.026455026,0.026455026,0.010582011
AVIZ D 2018 J MAR BIOL ASSOC U K,0.029239766,0.286549708,0.035087719,0.029239766,0.023391813,0.01754386,0.040935673,0.040935673,0.01754386,0.058479532,0.01754386,0.023391813,0.105263158,0.058479532,0.01754386,0.01754386,0.029239766,0.01754386,0.011695906,0.011695906,0.011695906,0.035087719,0.011695906,0.023391813,0.029239766
AVIZ D 2019 J MAR BIOL ASSOC U K,0.024691358,0.018518519,0.018518519,0.012345679,0.061728395,0.012345679,0.179012346,0.018518519,0.012345679,0.154320988,0.030864198,0.030864198,0.185185185,0.030864198,0.012345679,0.018518519,0.030864198,0.012345679,0.018518519,0.012345679,0.012345679,0.012345679,0.018518519,0.012345679,0.049382716
"AVIZ D, 2021, MAR BIOL RES",0.023622047,0.165354331,0.023622047,0.031496063,0.023622047,0.023622047,0.031496063,0.023622047,0.11023622,0.070866142,0.031496063,0.015748031,0.149606299,0.023622047,0.047244094,0.023622047,0.015748031,0.023622047,0.047244094,0.015748031,0.015748031,0.015748031,0.015748031,0.015748031,0.015748031
AZEVEDO CAA 2011 REV BRAS FARMACOGN -BRAZ J PHARMACOGN,0.182481752,0.01459854,0.01459854,0.087591241,0.02189781,0.02919708,0.051094891,0.02919708,0.01459854,0.131386861,0.01459854,0.01459854,0.072992701,0.02189781,0.03649635,0.02189781,0.02189781,0.058394161,0.02189781,0.02919708,0.01459854,0.04379562,0.01459854,0.01459854,0.02189781
AZEVEDO FBB 2006 BRAZ ARCH BIOL TECHNOL,0.039215686,0.029411765,0.019607843,0.029411765,0.019607843,0.019607843,0.078431373,0.068627451,0.049019608,0.019607843,0.088235294,0.019607843,0.049019608,0.029411765,0.029411765,0.029411765,0.019607843,0.019607843,0.049019608,0.019607843,0.019607843,0.166666667,0.039215686,0.019607843,0.029411765
AZEVEDO GPR 2020 GENET MOL BIOL,0.028169014,0.028169014,0.042253521,0.028169014,0.042253521,0.028169014,0.028169014,0.028169014,0.042253521,0.042253521,0.028169014,0.028169014,0.028169014,0.028169014,0.056338028,0.028169014,0.028169014,0.028169014,0.028169014,0.028169014,0.211267606,0.028169014,0.056338028,0.028169014,0.028169014
